73 35 37
62 34 35
23 4 7
3 3 2
61 34 32
60 34 36
50 1 11
16 28 24
33 17 15
69 32 26
23 4 7
65 5 6
70 32 30
28 21 23
31 21 22
12 28 26
69 32 26
32 21 34
56 19 22
64 5 14
34 17 14
48 1 9
42 2 9
70 32 30
45 2 12
21 4 6
8 25 30
13 28 27
23 4 7
30 21 19
73 35 37
7 25 29
13 28 27
73 35 37
21 4 6
17 28 32
61 34 32
32 21 34
13 28 27
1 0 2
52 7 5
26 16 15
28 21 23
40 31 33
39 31 32
11 25 32
40 31 33
68 32 27
11 25 32
33 17 15
12 28 26
34 17 14
32 21 34
52 7 5
31 21 22
47 8 1
74 35 33
52 7 5
44 2 11
68 32 27
61 34 32
36 31 15
63 34 37
57 22 23
63 34 37
48 1 9
15 28 30
2 3 1
5 25 27
44 2 11
32 21 34
57 22 23
60 34 36
3 3 2
28 21 23
65 5 6
39 31 32
6 25 28
63 34 37
42 2 9
64 5 14
0 0 1
8 25 30
0 0 1
69 32 26
74 35 33
43 2 10
43 2 10
74 35 33
57 22 23
52 7 5
70 32 30
30 21 19
4 25 26
12 28 26
37 31 26
51 1 12
43 2 10
12 28 26
3 3 2
