418 52 66
195 99 98
427 125 130
450 110 156
452 113 162
310 157 154
203 89 101
76 26 34
411 8 11
136 70 69
260 132 129
109 56 51
319 161 158
479 93 144
227 104 113
311 157 151
326 165 163
214 109 105
458 69 117
352 178 176
221 112 110
463 118 170
239 121 119
191 97 93
220 112 105
449 59 103
58 31 26
189 96 91
277 140 137
77 26 38
457 11 67
295 149 139
190 97 94
104 54 51
372 188 176
110 57 52
343 173 165
389 196 193
190 97 94
82 43 42
411 8 11
292 148 142
231 117 115
310 157 154
341 172 170
460 74 123
164 84 78
174 75 83
87 45 43
459 71 125
159 81 77
79 27 36
138 71 69
284 144 141
352 178 176
351 164 170
311 157 151
100 52 50
171 87 77
375 189 188
234 119 117
258 131 127
129 66 64
445 4 62
364 184 181
146 63 70
352 178 176
378 176 187
45 24 23
296 150 145
159 81 77
174 75 83
257 130 128
22 13 11
307 155 151
305 154 152
425 109 115
133 68 63
51 12 19
445 4 62
202 89 97
37 20 15
472 41 94
71 37 30
72 38 34
22 13 11
439 172 182
205 90 99
196 100 94
424 81 96
56 30 26
104 54 51
188 96 93
190 97 94
292 148 142
234 119 117
436 154 163
448 60 104
64 34 31
406 192 199
