73 36 38
7 2 8
71 35 40
52 28 43
27 10 13
10 3 8
26 9 11
26 9 11
3 1 38
11 3 38
34 16 17
73 36 38
55 29 33
71 35 40
11 3 38
12 3 40
69 35 38
10 3 8
68 35 36
70 35 39
72 36 37
54 29 43
71 35 40
61 33 34
70 35 39
76 38 40
53 28 33
26 9 11
68 35 36
60 32 33
7 2 8
31 15 16
27 10 13
3 1 38
58 31 33
34 16 17
65 34 35
69 35 38
60 32 33
31 15 16
64 34 43
19 7 15
53 28 33
62 33 41
70 35 39
69 35 38
55 29 33
64 34 43
57 31 32
74 36 40
65 34 35
34 16 17
61 33 34
53 28 33
51 28 29
27 10 13
68 35 36
59 31 34
54 29 43
4 1 40
74 36 40
10 3 8
58 31 33
1 0 38
69 35 38
70 35 39
55 29 33
4 1 40
74 36 40
31 15 16
67 35 43
66 34 39
36 18 19
31 15 16
12 3 40
59 31 34
69 35 38
3 1 38
54 29 43
52 28 43
54 29 43
31 15 16
60 32 33
4 1 40
72 36 37
49 26 27
3 1 38
12 3 40
62 33 41
31 15 16
1 0 38
71 35 40
27 10 13
74 36 40
34 16 17
12 3 40
73 36 38
58 31 33
52 28 43
64 34 43
