100 210
3 2 10 9953 0
3 1 10 9953 0
4 2 10 9953 0
4 1 10 9953 0
5 2 10 9953 0
5 4 10 9953 0
6 2 10 9953 0
6 5 10 9953 0
7 1 10 9953 0
7 4 10 9953 0
8 7 10 2488 0
8 1 10 2488 0
9 5 10 9953 0
9 7 10 9953 0
10 5 10 2488 0
10 6 10 2488 0
11 5 10 2488 0
11 3 10 2488 0
12 4 10 9953 0
12 7 10 9953 0
13 4 10 2488 0
13 6 10 2488 0
14 1 10 2488 0
14 12 10 2488 0
15 6 10 2488 0
15 13 10 2488 0
16 11 10 2488 0
16 8 10 2488 0
18 6 10 2488 0
18 2 10 2488 0
17 9 10 2488 0
17 10 10 2488 0
20 8 10 2488 0
20 9 10 2488 0
19 3 10 2488 0
19 15 10 2488 0
22 12 10 2488 0
22 6 10 2488 0
21 19 10 2488 0
21 3 10 2488 0
24 4 10 2488 0
24 14 10 2488 0
23 24 10 2488 0
23 4 10 2488 0
25 20 10 2488 0
25 15 10 2488 0
1 16 10 2488 0
1 11 10 2488 0
2 12 10 9953 0
2 16 10 2488 0
28 26 10 9953 1
28 27 10 9953 1
29 27 10 9953 1
29 28 10 9953 1
30 29 10 9953 1
30 28 10 9953 1
31 26 10 2488 1
31 28 10 2488 1
32 29 10 2488 1
32 30 10 2488 1
33 29 10 9953 1
33 26 10 9953 1
34 28 10 2488 1
34 33 10 2488 1
35 29 10 2488 1
35 30 10 2488 1
36 35 10 2488 1
36 28 10 2488 1
37 33 10 2488 1
37 31 10 2488 1
38 27 10 9953 1
38 29 10 9953 1
39 26 10 2488 1
39 29 10 2488 1
40 38 10 9953 1
40 33 10 9953 1
41 39 10 2488 1
41 40 10 2488 1
43 27 10 2488 1
43 37 10 2488 1
42 30 10 2488 1
42 27 10 2488 1
45 29 10 2488 1
45 36 10 2488 1
44 40 10 2488 1
44 43 10 2488 1
47 38 10 2488 1
47 45 10 2488 1
46 38 10 2488 1
46 41 10 2488 1
49 26 10 2488 1
49 42 10 2488 1
48 40 10 2488 1
48 33 10 2488 1
50 40 10 2488 1
50 33 10 2488 1
26 42 10 2488 1
26 44 10 2488 1
27 44 10 2488 1
27 48 10 2488 1
53 52 10 9953 2
53 51 10 9953 2
54 51 10 9953 2
54 53 10 9953 2
55 52 10 9953 2
55 51 10 9953 2
56 53 10 9953 2
56 51 10 9953 2
57 55 10 2488 2
57 51 10 2488 2
58 56 10 9953 2
58 54 10 9953 2
59 51 10 2488 2
59 55 10 2488 2
60 54 10 2488 2
60 57 10 2488 2
61 52 10 9953 2
61 56 10 9953 2
62 56 10 2488 2
62 52 10 2488 2
63 61 10 2488 2
63 59 10 2488 2
64 52 10 2488 2
64 53 10 2488 2
65 58 10 2488 2
65 56 10 2488 2
66 65 10 2488 2
66 51 10 2488 2
68 53 10 2488 2
68 52 10 2488 2
67 63 10 2488 2
67 61 10 2488 2
70 53 10 2488 2
70 63 10 2488 2
69 64 10 2488 2
69 68 10 2488 2
72 67 10 2488 2
72 55 10 2488 2
71 69 10 2488 2
71 64 10 2488 2
74 69 10 2488 2
74 72 10 2488 2
73 71 10 2488 2
73 61 10 2488 2
75 62 10 2488 2
75 57 10 2488 2
51 58 10 9953 2
51 60 10 2488 2
52 60 10 2488 2
52 75 10 2488 2
78 76 10 9953 3
78 77 10 9953 3
79 78 10 9953 3
79 77 10 9953 3
80 76 10 2488 3
80 78 10 2488 3
81 77 10 9953 3
81 79 10 9953 3
82 79 10 9953 3
82 78 10 9953 3
83 81 10 9953 3
83 82 10 9953 3
84 81 10 2488 3
84 77 10 2488 3
85 78 10 9953 3
85 79 10 9953 3
86 76 10 2488 3
86 81 10 2488 3
87 77 10 2488 3
87 82 10 2488 3
88 86 10 2488 3
88 76 10 2488 3
89 77 10 2488 3
89 80 10 2488 3
90 78 10 2488 3
90 89 10 2488 3
91 82 10 2488 3
91 78 10 2488 3
93 79 10 2488 3
93 77 10 2488 3
92 77 10 2488 3
92 83 10 2488 3
95 76 10 2488 3
95 82 10 2488 3
94 77 10 2488 3
94 87 10 2488 3
97 90 10 2488 3
97 85 10 2488 3
96 85 10 2488 3
96 91 10 2488 3
99 78 10 2488 3
99 83 10 2488 3
98 96 10 2488 3
98 87 10 2488 3
100 98 10 2488 3
100 94 10 2488 3
76 99 10 2488 3
76 92 10 2488 3
77 86 10 2488 3
77 83 10 9953 3
9 39 10 2488 -1
4 32 10 2488 -1
19 41 10 2488 -1
26 58 10 9953 -1
33 61 10 9953 -1
37 72 10 2488 -1
35 65 10 2488 -1
54 92 10 2488 -1
59 95 10 2488 -1
55 85 10 9953 -1
0 0 0 0 0 0 0 0 0 0 0 0 0 0 0 0 0 0 0 0 0 0 0 0 0 1 1 1 1 1 1 1 1 1 1 1 1 1 1 1 1 1 1 1 1 1 1 1 1 1 2 2 2 2 2 2 2 2 2 2 2 2 2 2 2 2 2 2 2 2 2 2 2 2 2 3 3 3 3 3 3 3 3 3 3 3 3 3 3 3 3 3 3 3 3 3 3 3 3 3
0 1
1 2
2 3