59 129
3 2 10 10000 0
3 1 10 10000 0
4 3 10 10000 0
4 2 10 10000 0
5 1 10 10000 0
5 3 10 10000 0
6 3 10 10000 0
6 4 10 10000 0
7 1 10 10000 0
7 3 10 10000 0
8 1 10 10000 0
8 5 10 10000 0
9 5 10 10000 0
9 6 10 10000 0
10 8 10 5000 0
10 2 10 10000 0
1 9 10 10000 0
1 4 10 10000 0
2 6 10 10000 0
2 5 10 10000 0
13 12 10 10000 1
13 11 10 10000 1
14 11 10 10000 1
14 12 10 10000 1
15 13 10 10000 1
15 11 10 10000 1
16 15 10 10000 1
16 11 10 10000 1
17 14 10 10000 1
17 11 10 10000 1
18 17 10 10000 1
18 13 10 10000 1
19 17 10 10000 1
19 16 10 10000 1
20 15 10 10000 1
20 16 10 10000 1
21 12 10 10000 1
21 18 10 10000 1
22 12 10 10000 1
22 18 10 10000 1
11 18 10 10000 1
11 19 10 10000 1
12 20 10 10000 1
12 15 10 10000 1
25 23 10 10000 2
25 24 10 10000 2
26 24 10 10000 2
26 23 10 10000 2
27 24 10 10000 2
27 23 10 10000 2
28 25 10 10000 2
28 26 10 10000 2
29 25 10 10000 2
29 24 10 10000 2
30 28 10 10000 2
30 25 10 10000 2
31 23 10 10000 2
31 24 10 10000 2
32 25 10 10000 2
32 30 10 10000 2
33 29 10 10000 2
33 30 10 10000 2
23 33 10 10000 2
23 32 10 10000 2
24 32 10 10000 2
24 33 10 10000 2
36 35 10 10000 3
36 34 10 10000 3
37 36 10 10000 3
37 35 10 10000 3
38 35 10 10000 3
38 37 10 10000 3
39 34 10 10000 3
39 35 10 10000 3
40 35 10 10000 3
40 36 10 10000 3
41 40 10 10000 3
41 35 10 10000 3
42 34 10 10000 3
42 39 10 10000 3
43 38 10 10000 3
43 37 10 10000 3
44 35 10 10000 3
44 37 10 10000 3
45 44 10 10000 3
45 37 10 10000 3
34 38 10 10000 3
34 43 10 10000 3
35 45 10 10000 3
35 43 10 10000 3
48 46 10 10000 4
48 47 10 10000 4
49 47 10 10000 4
49 46 10 10000 4
50 46 10 10000 4
50 48 10 10000 4
51 46 10 10000 4
51 50 10 10000 4
52 51 10 10000 4
52 48 10 10000 4
53 50 10 10000 4
53 48 10 10000 4
54 51 10 10000 4
54 50 10 10000 4
55 49 10 5000 4
55 53 10 10000 4
56 54 10 10000 4
56 55 10 5000 4
57 51 10 10000 4
57 50 10 10000 4
58 54 10 10000 4
58 48 10 10000 4
59 54 10 10000 4
59 50 10 10000 4
46 54 10 10000 4
46 58 10 10000 4
47 53 10 10000 4
47 56 10 10000 4
9 12 10 10000 -1
3 20 10 10000 -1
7 22 10 10000 -1
12 24 10 10000 -1
22 26 10 10000 -1
30 42 10 10000 -1
32 45 10 10000 -1
25 39 10 10000 -1
23 34 10 10000 -1
44 53 10 10000 -1
40 59 10 10000 -1
0 0 0 0 0 0 0 0 0 0 1 1 1 1 1 1 1 1 1 1 1 1 2 2 2 2 2 2 2 2 2 2 2 3 3 3 3 3 3 3 3 3 3 3 3 4 4 4 4 4 4 4 4 4 4 4 4 4 4
0 1
1 2
2 3
3 4
