187 447
3 2 10 10000 0
3 1 10 10000 0
4 3 10 10000 0
4 2 10 10000 0
5 1 10 10000 0
5 3 10 10000 0
6 3 10 10000 0
6 4 10 10000 0
7 1 10 10000 0
7 3 10 10000 0
8 1 10 10000 0
8 5 10 10000 0
9 5 10 10000 0
9 6 10 10000 0
10 8 10 10000 0
10 2 10 10000 0
1 9 10 10000 0
1 4 10 10000 0
2 6 10 10000 0
2 5 10 10000 0
13 12 10 10000 1
13 11 10 10000 1
14 11 10 10000 1
14 12 10 10000 1
15 13 10 10000 1
15 11 10 10000 1
16 15 10 10000 1
16 11 10 10000 1
17 14 10 10000 1
17 11 10 10000 1
18 17 10 10000 1
18 13 10 10000 1
19 17 10 10000 1
19 16 10 10000 1
20 15 10 10000 1
20 16 10 10000 1
21 12 10 10000 1
21 18 10 10000 1
22 12 10 10000 1
22 18 10 10000 1
11 18 10 10000 1
11 19 10 10000 1
12 20 10 10000 1
12 15 10 10000 1
25 23 10 10000 2
25 24 10 10000 2
26 24 10 10000 2
26 23 10 10000 2
27 24 10 10000 2
27 23 10 10000 2
28 25 10 10000 2
28 26 10 10000 2
29 25 10 10000 2
29 24 10 10000 2
30 28 10 10000 2
30 25 10 10000 2
31 23 10 10000 2
31 24 10 10000 2
32 25 10 10000 2
32 30 10 10000 2
33 29 10 10000 2
33 30 10 10000 2
23 33 10 10000 2
23 32 10 10000 2
24 32 10 10000 2
24 33 10 10000 2
36 35 10 10000 3
36 34 10 10000 3
37 36 10 10000 3
37 35 10 10000 3
38 35 10 10000 3
38 37 10 10000 3
39 34 10 10000 3
39 35 10 10000 3
40 35 10 10000 3
40 36 10 10000 3
41 40 10 5000 3
41 35 10 10000 3
42 34 10 10000 3
42 39 10 10000 3
43 38 10 10000 3
43 37 10 10000 3
44 35 10 10000 3
44 37 10 10000 3
45 44 10 10000 3
45 37 10 10000 3
34 38 10 10000 3
34 43 10 10000 3
35 45 10 10000 3
35 43 10 10000 3
48 46 10 10000 4
48 47 10 10000 4
49 47 10 10000 4
49 46 10 10000 4
50 46 10 10000 4
50 48 10 10000 4
51 46 10 10000 4
51 50 10 10000 4
52 51 10 10000 4
52 48 10 10000 4
53 50 10 10000 4
53 48 10 10000 4
54 51 10 10000 4
54 50 10 10000 4
55 49 10 10000 4
55 53 10 10000 4
56 54 10 10000 4
56 55 10 10000 4
57 51 10 10000 4
57 50 10 10000 4
58 54 10 10000 4
58 48 10 10000 4
59 54 10 10000 4
59 50 10 10000 4
46 54 10 10000 4
46 58 10 10000 4
47 53 10 10000 4
47 56 10 10000 4
62 61 10 10000 5
62 60 10 10000 5
63 62 10 10000 5
63 61 10 10000 5
64 60 10 10000 5
64 62 10 10000 5
65 62 10 10000 5
65 63 10 10000 5
66 60 10 10000 5
66 62 10 10000 5
67 60 10 10000 5
67 64 10 10000 5
68 64 10 10000 5
68 65 10 10000 5
69 67 10 10000 5
69 61 10 10000 5
60 68 10 10000 5
60 63 10 10000 5
61 65 10 10000 5
61 64 10 10000 5
72 71 10 10000 6
72 70 10 10000 6
73 70 10 10000 6
73 71 10 10000 6
74 72 10 10000 6
74 70 10 10000 6
75 74 10 10000 6
75 70 10 10000 6
76 73 10 10000 6
76 70 10 10000 6
77 76 10 10000 6
77 72 10 10000 6
78 76 10 10000 6
78 75 10 10000 6
79 74 10 10000 6
79 75 10 10000 6
80 71 10 10000 6
80 77 10 10000 6
81 71 10 10000 6
81 77 10 10000 6
70 77 10 10000 6
70 78 10 10000 6
71 79 10 10000 6
71 74 10 10000 6
84 82 10 10000 7
84 83 10 10000 7
85 83 10 10000 7
85 82 10 10000 7
86 83 10 10000 7
86 82 10 10000 7
87 84 10 10000 7
87 85 10 10000 7
88 84 10 10000 7
88 83 10 10000 7
89 87 10 10000 7
89 84 10 10000 7
90 82 10 10000 7
90 83 10 10000 7
91 84 10 10000 7
91 89 10 10000 7
92 88 10 10000 7
92 89 10 10000 7
82 92 10 10000 7
82 91 10 10000 7
83 91 10 10000 7
83 92 10 10000 7
95 94 10 10000 8
95 93 10 10000 8
96 95 10 10000 8
96 94 10 10000 8
97 94 10 10000 8
97 96 10 10000 8
98 93 10 10000 8
98 94 10 10000 8
99 94 10 10000 8
99 95 10 10000 8
100 99 10 10000 8
100 94 10 10000 8
101 93 10 10000 8
101 98 10 5000 8
102 97 10 10000 8
102 96 10 10000 8
103 94 10 10000 8
103 96 10 10000 8
104 103 10 10000 8
104 96 10 10000 8
93 97 10 10000 8
93 102 10 10000 8
94 104 10 10000 8
94 102 10 10000 8
107 105 10 10000 9
107 106 10 10000 9
108 106 10 10000 9
108 105 10 10000 9
109 105 10 10000 9
109 107 10 10000 9
110 105 10 10000 9
110 109 10 10000 9
111 110 10 10000 9
111 107 10 10000 9
112 109 10 10000 9
112 107 10 10000 9
113 110 10 10000 9
113 109 10 10000 9
114 108 10 10000 9
114 112 10 10000 9
115 113 10 10000 9
115 114 10 10000 9
116 110 10 10000 9
116 109 10 10000 9
117 113 10 10000 9
117 107 10 10000 9
118 113 10 10000 9
118 109 10 10000 9
105 113 10 10000 9
105 117 10 10000 9
106 112 10 10000 9
106 115 10 10000 9
121 120 10 10000 10
121 119 10 10000 10
122 121 10 10000 10
122 120 10 10000 10
123 119 10 10000 10
123 121 10 10000 10
124 121 10 10000 10
124 122 10 10000 10
125 119 10 10000 10
125 121 10 10000 10
126 119 10 10000 10
126 123 10 10000 10
127 123 10 10000 10
127 124 10 10000 10
128 126 10 10000 10
128 120 10 10000 10
119 127 10 10000 10
119 122 10 10000 10
120 124 10 10000 10
120 123 10 10000 10
131 130 10 10000 11
131 129 10 10000 11
132 129 10 10000 11
132 130 10 10000 11
133 131 10 10000 11
133 129 10 10000 11
134 133 10 10000 11
134 129 10 10000 11
135 132 10 10000 11
135 129 10 10000 11
136 135 10 10000 11
136 131 10 10000 11
137 135 10 10000 11
137 134 10 10000 11
138 133 10 10000 11
138 134 10 10000 11
139 130 10 10000 11
139 136 10 10000 11
140 130 10 10000 11
140 136 10 10000 11
129 136 10 10000 11
129 137 10 10000 11
130 138 10 10000 11
130 133 10 10000 11
143 141 10 10000 12
143 142 10 10000 12
144 142 10 10000 12
144 141 10 10000 12
145 142 10 10000 12
145 141 10 10000 12
146 143 10 10000 12
146 144 10 10000 12
147 143 10 10000 12
147 142 10 10000 12
148 146 10 10000 12
148 143 10 10000 12
149 141 10 10000 12
149 142 10 10000 12
150 143 10 10000 12
150 148 10 10000 12
151 147 10 10000 12
151 148 10 10000 12
141 151 10 10000 12
141 150 10 10000 12
142 150 10 10000 12
142 151 10 10000 12
154 153 10 10000 13
154 152 10 10000 13
155 154 10 10000 13
155 153 10 10000 13
156 153 10 10000 13
156 155 10 10000 13
157 152 10 10000 13
157 153 10 10000 13
158 153 10 10000 13
158 154 10 10000 13
159 158 10 10000 13
159 153 10 10000 13
160 152 10 10000 13
160 157 10 5000 13
161 156 10 10000 13
161 155 10 10000 13
162 153 10 10000 13
162 155 10 10000 13
163 162 10 10000 13
163 155 10 10000 13
152 156 10 10000 13
152 161 10 10000 13
153 163 10 10000 13
153 161 10 10000 13
166 164 10 10000 14
166 165 10 10000 14
167 165 10 10000 14
167 164 10 10000 14
168 164 10 10000 14
168 166 10 10000 14
169 164 10 10000 14
169 168 10 10000 14
170 169 10 10000 14
170 166 10 10000 14
171 168 10 10000 14
171 166 10 10000 14
172 169 10 10000 14
172 168 10 10000 14
173 167 10 10000 14
173 171 10 10000 14
174 172 10 10000 14
174 173 10 5000 14
175 169 10 10000 14
175 168 10 10000 14
176 172 10 10000 14
176 166 10 10000 14
177 172 10 10000 14
177 168 10 10000 14
164 172 10 10000 14
164 176 10 10000 14
165 171 10 10000 14
165 174 10 10000 14
180 179 10 10000 15
180 178 10 10000 15
181 180 10 10000 15
181 179 10 10000 15
182 178 10 10000 15
182 180 10 10000 15
183 180 10 10000 15
183 181 10 10000 15
184 178 10 10000 15
184 180 10 10000 15
185 178 10 10000 15
185 182 10 10000 15
186 182 10 10000 15
186 183 10 10000 15
187 185 10 5000 15
187 179 10 10000 15
178 186 10 10000 15
178 181 10 10000 15
179 183 10 10000 15
179 182 10 10000 15
2 20 10 10000 -1
8 21 10 10000 -1
22 29 10 10000 -1
15 27 10 10000 -1
21 33 10 10000 -1
23 41 10 10000 -1
26 44 10 10000 -1
24 37 10 10000 -1
28 38 10 10000 -1
51 62 10 10000 -1
57 67 10 10000 -1
48 65 10 10000 -1
68 78 10 10000 -1
67 70 10 10000 -1
63 80 10 10000 -1
64 71 10 10000 -1
70 92 10 10000 -1
72 83 10 10000 -1
75 88 10 10000 -1
71 87 10 10000 -1
94 111 10 10000 -1
99 106 10 10000 -1
101 105 10 10000 -1
104 115 10 10000 -1
108 126 10 10000 -1
107 122 10 10000 -1
113 125 10 10000 -1
121 131 10 10000 -1
122 138 10 10000 -1
128 137 10 10000 -1
125 132 10 10000 -1
145 153 10 10000 -1
151 156 10 10000 -1
142 152 10 10000 -1
159 164 10 10000 -1
158 167 10 10000 -1
168 183 10 10000 -1
177 179 10 10000 -1
166 187 10 10000 -1
6 55 10 10000 -1
1 53 10 10000 -1
7 48 10 10000 -1
51 103 10 10000 -1
58 97 10 10000 -1
104 144 10 10000 -1
93 147 10 10000 -1
20 64 10 10000 -1
22 67 10 10000 -1
11 62 10 10000 -1
14 63 10 10000 -1
63 118 10 10000 -1
67 111 10 10000 -1
61 113 10 10000 -1
114 161 10 10000 -1
118 155 10 10000 -1
110 162 10 10000 -1
30 76 10 10000 -1
33 71 10 10000 -1
72 124 10 10000 -1
81 125 10 10000 -1
70 127 10 10000 -1
123 168 10 10000 -1
121 176 10 10000 -1
125 175 10 10000 -1
44 91 10 10000 -1
39 84 10 10000 -1
91 135 10 10000 -1
84 132 10 10000 -1
85 133 10 10000 -1
88 130 10 10000 -1
139 186 10 10000 -1
137 178 10 10000 -1
129 183 10 10000 -1
0 0 0 0 0 0 0 0 0 0 1 1 1 1 1 1 1 1 1 1 1 1 2 2 2 2 2 2 2 2 2 2 2 3 3 3 3 3 3 3 3 3 3 3 3 4 4 4 4 4 4 4 4 4 4 4 4 4 4 5 5 5 5 5 5 5 5 5 5 6 6 6 6 6 6 6 6 6 6 6 6 7 7 7 7 7 7 7 7 7 7 7 8 8 8 8 8 8 8 8 8 8 8 8 9 9 9 9 9 9 9 9 9 9 9 9 9 9 10 10 10 10 10 10 10 10 10 10 11 11 11 11 11 11 11 11 11 11 11 11 12 12 12 12 12 12 12 12 12 12 12 13 13 13 13 13 13 13 13 13 13 13 13 14 14 14 14 14 14 14 14 14 14 14 14 14 14 15 15 15 15 15 15 15 15 15 15
0 1
1 2
2 3
4 5
5 6
6 7
8 9
9 10
10 11
12 13
13 14
14 15
0 4
4 8
8 12
1 5
5 9
9 13
2 6
6 10
10 14
3 7
7 11
11 15
