24 50
3 1 10 2488 0
3 2 10 2488 0
4 2 10 2488 0
4 1 10 2488 0
5 1 10 9953 0
5 3 10 2488 0
6 5 10 2488 0
6 4 10 2488 0
7 4 10 2488 0
7 1 10 2488 0
8 5 10 2488 0
8 1 10 2488 0
1 6 10 2488 0
2 8 10 2488 0
2 5 10 9953 0
11 9 10 2488 1
11 10 10 2488 1
12 9 10 2488 1
12 10 10 2488 1
13 12 10 2488 1
13 10 10 9953 1
14 10 10 9953 1
14 13 10 9953 1
15 13 10 2488 1
15 10 10 2488 1
16 14 10 2488 1
16 10 10 2488 1
9 14 10 2488 1
9 13 10 2488 1
19 18 10 2488 2
19 17 10 9953 2
20 18 10 2488 2
20 17 10 2488 2
21 19 10 2488 2
21 17 10 2488 2
22 20 10 2488 2
22 21 10 2488 2
23 21 10 2488 2
23 19 10 2488 2
24 17 10 2488 2
24 22 10 2488 2
17 22 10 9953 2
17 23 10 2488 2
18 24 10 2488 2
18 22 10 2488 2
1 13 10 9953 -1
2 11 10 2488 -1
8 14 10 2488 -1
16 19 10 2488 -1
12 24 10 2488 -1
0 0 0 0 0 0 0 0 1 1 1 1 1 1 1 1 2 2 2 2 2 2 2 2
