204 474
3 1 10 10000 0
3 2 10 10000 0
4 2 10 5000 0
4 1 10 5000 0
5 2 10 5000 0
5 1 10 5000 0
6 3 10 5000 0
6 4 10 5000 0
7 3 10 5000 0
7 2 10 5000 0
8 6 10 5000 0
8 3 10 10000 0
9 1 10 5000 0
9 2 10 5000 0
10 3 10 10000 0
10 8 10 10000 0
11 7 10 5000 0
11 8 10 10000 0
1 11 10 10000 0
1 10 10 10000 0
2 10 10 10000 0
2 11 10 10000 0
14 12 10 10000 1
14 13 10 10000 1
15 14 10 10000 1
15 13 10 10000 1
16 13 10 10000 1
16 15 10 10000 1
17 12 10 10000 1
17 13 10 10000 1
18 13 10 5000 1
18 15 10 5000 1
19 13 10 10000 1
19 18 10 5000 1
20 17 10 10000 1
20 12 10 10000 1
21 19 10 10000 1
21 16 10 10000 1
22 21 10 10000 1
22 12 10 10000 1
23 20 10 10000 1
23 19 10 10000 1
24 12 10 5000 1
24 16 10 5000 1
25 14 10 10000 1
25 24 10 5000 1
26 14 10 5000 1
26 15 10 5000 1
12 23 10 10000 1
12 25 10 10000 1
13 23 10 10000 1
13 20 10 10000 1
29 27 10 10000 2
29 28 10 10000 2
30 28 10 10000 2
30 27 10 10000 2
31 27 10 10000 2
31 29 10 10000 2
32 27 10 10000 2
32 31 10 10000 2
33 32 10 5000 2
33 29 10 5000 2
34 31 10 10000 2
34 29 10 10000 2
35 32 10 10000 2
35 31 10 10000 2
36 30 10 5000 2
36 34 10 5000 2
37 35 10 10000 2
37 36 10 5000 2
38 32 10 5000 2
38 31 10 5000 2
39 35 10 10000 2
39 29 10 10000 2
40 35 10 5000 2
40 31 10 5000 2
27 35 10 10000 2
27 39 10 10000 2
28 34 10 10000 2
28 37 10 10000 2
43 42 10 10000 3
43 41 10 10000 3
44 43 10 10000 3
44 42 10 10000 3
45 41 10 10000 3
45 43 10 10000 3
46 43 10 10000 3
46 44 10 10000 3
47 41 10 5000 3
47 43 10 5000 3
48 41 10 5000 3
48 45 10 5000 3
49 45 10 10000 3
49 46 10 10000 3
50 48 10 5000 3
50 42 10 5000 3
41 49 10 10000 3
41 44 10 10000 3
42 46 10 10000 3
42 45 10 10000 3
53 51 10 10000 4
53 52 10 10000 4
54 53 10 10000 4
54 52 10 10000 4
55 52 10 10000 4
55 51 10 10000 4
56 54 10 10000 4
56 53 10 10000 4
57 56 10 10000 4
57 52 10 10000 4
58 53 10 10000 4
58 56 10 10000 4
59 56 10 10000 4
59 55 10 10000 4
60 54 10 5000 4
60 58 10 5000 4
61 52 10 10000 4
61 53 10 10000 4
62 53 10 5000 4
62 55 10 5000 4
63 52 10 5000 4
63 57 10 5000 4
51 54 10 10000 4
51 57 10 10000 4
52 59 10 10000 4
52 58 10 10000 4
66 65 10 10000 5
66 64 10 10000 5
67 64 10 10000 5
67 65 10 10000 5
68 66 10 10000 5
68 64 10 10000 5
69 68 10 10000 5
69 64 10 10000 5
70 67 10 10000 5
70 64 10 10000 5
71 70 10 10000 5
71 66 10 10000 5
72 70 10 10000 5
72 69 10 10000 5
73 68 10 5000 5
73 69 10 5000 5
74 65 10 5000 5
74 71 10 5000 5
75 65 10 5000 5
75 71 10 5000 5
64 71 10 10000 5
64 72 10 10000 5
65 73 10 5000 5
65 68 10 10000 5
78 76 10 10000 6
78 77 10 10000 6
79 77 10 10000 6
79 76 10 10000 6
80 76 10 10000 6
80 78 10 10000 6
81 76 10 10000 6
81 80 10 10000 6
82 81 10 5000 6
82 78 10 5000 6
83 80 10 10000 6
83 78 10 10000 6
84 81 10 10000 6
84 80 10 10000 6
85 79 10 10000 6
85 83 10 10000 6
86 84 10 5000 6
86 85 10 5000 6
87 81 10 5000 6
87 80 10 5000 6
88 84 10 10000 6
88 78 10 10000 6
89 84 10 5000 6
89 80 10 5000 6
76 84 10 10000 6
76 88 10 10000 6
77 83 10 10000 6
77 86 10 5000 6
92 90 10 10000 7
92 91 10 10000 7
93 91 10 5000 7
93 90 10 5000 7
94 90 10 10000 7
94 92 10 10000 7
95 90 10 10000 7
95 94 10 10000 7
96 95 10 5000 7
96 92 10 5000 7
97 94 10 10000 7
97 92 10 10000 7
98 95 10 10000 7
98 94 10 10000 7
99 93 10 5000 7
99 97 10 5000 7
100 98 10 5000 7
100 99 10 5000 7
101 95 10 5000 7
101 94 10 5000 7
102 98 10 10000 7
102 92 10 10000 7
103 98 10 5000 7
103 94 10 5000 7
90 98 10 10000 7
90 102 10 10000 7
91 97 10 10000 7
91 100 10 5000 7
106 104 10 10000 8
106 105 10 10000 8
107 105 10 10000 8
107 104 10 10000 8
108 105 10 5000 8
108 104 10 5000 8
109 106 10 5000 8
109 107 10 5000 8
110 106 10 10000 8
110 105 10 10000 8
111 109 10 5000 8
111 106 10 10000 8
112 104 10 5000 8
112 105 10 5000 8
113 106 10 10000 8
113 111 10 10000 8
114 110 10 10000 8
114 111 10 10000 8
104 114 10 10000 8
104 113 10 10000 8
105 113 10 10000 8
105 114 10 10000 8
117 115 10 10000 9
117 116 10 10000 9
118 117 10 10000 9
118 116 10 10000 9
119 116 10 10000 9
119 115 10 10000 9
120 118 10 10000 9
120 117 10 10000 9
121 120 10 10000 9
121 116 10 10000 9
122 117 10 10000 9
122 120 10 10000 9
123 120 10 5000 9
123 119 10 5000 9
124 118 10 5000 9
124 122 10 5000 9
125 116 10 10000 9
125 117 10 10000 9
126 117 10 5000 9
126 119 10 5000 9
127 116 10 5000 9
127 121 10 5000 9
115 118 10 10000 9
115 121 10 10000 9
116 123 10 5000 9
116 122 10 10000 9
130 129 10 10000 10
130 128 10 10000 10
131 130 10 10000 10
131 129 10 10000 10
132 128 10 10000 10
132 130 10 10000 10
133 130 10 10000 10
133 131 10 10000 10
134 128 10 10000 10
134 130 10 10000 10
135 128 10 5000 10
135 132 10 5000 10
136 132 10 5000 10
136 133 10 5000 10
137 135 10 5000 10
137 129 10 10000 10
128 136 10 5000 10
128 131 10 10000 10
129 133 10 10000 10
129 132 10 10000 10
140 138 10 10000 11
140 139 10 10000 11
141 139 10 5000 11
141 138 10 5000 11
142 138 10 10000 11
142 140 10 10000 11
143 138 10 10000 11
143 142 10 10000 11
144 143 10 10000 11
144 140 10 10000 11
145 142 10 10000 11
145 140 10 10000 11
146 143 10 10000 11
146 142 10 10000 11
147 141 10 5000 11
147 145 10 5000 11
148 146 10 5000 11
148 147 10 5000 11
149 143 10 5000 11
149 142 10 5000 11
150 146 10 10000 11
150 140 10 10000 11
151 146 10 5000 11
151 142 10 5000 11
138 146 10 10000 11
138 150 10 10000 11
139 145 10 10000 11
139 148 10 5000 11
154 153 10 10000 12
154 152 10 10000 12
155 152 10 10000 12
155 153 10 10000 12
156 154 10 10000 12
156 152 10 10000 12
157 156 10 10000 12
157 152 10 10000 12
158 155 10 10000 12
158 152 10 10000 12
159 158 10 10000 12
159 154 10 10000 12
160 158 10 5000 12
160 157 10 5000 12
161 156 10 5000 12
161 157 10 5000 12
162 153 10 5000 12
162 159 10 5000 12
163 153 10 5000 12
163 159 10 5000 12
152 159 10 10000 12
152 160 10 5000 12
153 161 10 5000 12
153 156 10 10000 12
166 164 10 10000 13
166 165 10 10000 13
167 166 10 10000 13
167 165 10 10000 13
168 165 10 10000 13
168 164 10 10000 13
169 167 10 10000 13
169 166 10 10000 13
170 169 10 10000 13
170 165 10 10000 13
171 166 10 10000 13
171 169 10 10000 13
172 169 10 10000 13
172 168 10 10000 13
173 167 10 5000 13
173 171 10 5000 13
174 165 10 5000 13
174 166 10 5000 13
175 166 10 5000 13
175 168 10 5000 13
176 165 10 5000 13
176 170 10 5000 13
164 167 10 10000 13
164 170 10 10000 13
165 172 10 10000 13
165 171 10 10000 13
179 177 10 10000 14
179 178 10 10000 14
180 179 10 10000 14
180 178 10 10000 14
181 178 10 10000 14
181 180 10 10000 14
182 177 10 10000 14
182 178 10 10000 14
183 178 10 5000 14
183 180 10 5000 14
184 178 10 10000 14
184 183 10 5000 14
185 182 10 10000 14
185 177 10 10000 14
186 184 10 5000 14
186 181 10 5000 14
187 186 10 5000 14
187 177 10 5000 14
188 185 10 10000 14
188 184 10 10000 14
189 177 10 5000 14
189 181 10 5000 14
190 179 10 10000 14
190 189 10 5000 14
191 179 10 5000 14
191 180 10 5000 14
177 188 10 10000 14
177 190 10 10000 14
178 188 10 10000 14
178 185 10 10000 14
194 192 10 10000 15
194 193 10 10000 15
195 194 10 10000 15
195 193 10 10000 15
196 193 10 10000 15
196 192 10 10000 15
197 195 10 10000 15
197 194 10 10000 15
198 197 10 10000 15
198 193 10 10000 15
199 194 10 10000 15
199 197 10 10000 15
200 197 10 10000 15
200 196 10 10000 15
201 195 10 5000 15
201 199 10 5000 15
202 193 10 5000 15
202 194 10 5000 15
203 194 10 5000 15
203 196 10 5000 15
204 193 10 5000 15
204 198 10 5000 15
192 195 10 10000 15
192 198 10 10000 15
193 200 10 10000 15
193 199 10 10000 15
2 21 10 10000 -1
11 22 10 10000 -1
25 38 10 10000 -1
17 37 10 10000 -1
22 34 10 10000 -1
30 43 10 10000 -1
34 42 10 10000 -1
29 46 10 10000 -1
32 49 10 10000 -1
59 68 10 10000 -1
62 72 10 10000 -1
64 81 10 10000 -1
66 78 10 10000 -1
75 82 10 10000 -1
85 102 10 10000 -1
76 92 10 10000 -1
83 97 10 10000 -1
106 121 10 10000 -1
114 125 10 10000 -1
107 126 10 10000 -1
124 131 10 10000 -1
121 132 10 10000 -1
129 150 10 10000 -1
137 138 10 10000 -1
134 139 10 10000 -1
155 164 10 10000 -1
157 165 10 10000 -1
158 168 10 10000 -1
172 180 10 10000 -1
175 182 10 10000 -1
190 194 10 10000 -1
178 196 10 10000 -1
184 200 10 10000 -1
10 57 10 10000 -1
11 56 10 10000 -1
3 61 10 10000 -1
55 112 10 10000 -1
51 108 10 10000 -1
52 114 10 10000 -1
61 106 10 10000 -1
110 163 10 10000 -1
113 158 10 10000 -1
26 72 10 10000 -1
25 68 10 10000 -1
67 119 10 10000 -1
66 118 10 10000 -1
125 174 10 10000 -1
120 171 10 10000 -1
116 168 10 10000 -1
118 167 10 10000 -1
31 88 10 10000 -1
27 79 10 10000 -1
34 76 10 10000 -1
39 83 10 10000 -1
77 137 10 10000 -1
87 129 10 10000 -1
81 134 10 10000 -1
130 188 10 10000 -1
129 181 10 10000 -1
43 91 10 10000 -1
50 101 10 10000 -1
96 139 10 10000 -1
94 144 10 10000 -1
151 201 10 10000 -1
144 200 10 10000 -1
146 202 10 10000 -1
0 0 0 0 0 0 0 0 0 0 0 1 1 1 1 1 1 1 1 1 1 1 1 1 1 1 2 2 2 2 2 2 2 2 2 2 2 2 2 2 3 3 3 3 3 3 3 3 3 3 4 4 4 4 4 4 4 4 4 4 4 4 4 5 5 5 5 5 5 5 5 5 5 5 5 6 6 6 6 6 6 6 6 6 6 6 6 6 6 7 7 7 7 7 7 7 7 7 7 7 7 7 7 8 8 8 8 8 8 8 8 8 8 8 9 9 9 9 9 9 9 9 9 9 9 9 9 10 10 10 10 10 10 10 10 10 10 11 11 11 11 11 11 11 11 11 11 11 11 11 11 12 12 12 12 12 12 12 12 12 12 12 12 13 13 13 13 13 13 13 13 13 13 13 13 13 14 14 14 14 14 14 14 14 14 14 14 14 14 14 14 15 15 15 15 15 15 15 15 15 15 15 15 15
0 1
1 2
2 3
4 5
5 6
6 7
8 9
9 10
10 11
12 13
13 14
14 15
0 4
4 8
8 12
1 5
5 9
9 13
2 6
6 10
10 14
3 7
7 11
11 15
