38 76
1 2 10 10000 0
1 3 10 10000 0
4 2 10 10000 0
4 3 10 10000 0
26 27 10 10000 3
26 28 10 10000 3
26 29 10 10000 3
26 30 10 10000 3
26 31 10 10000 3
26 25 10 10000 3
26 32 10 10000 3
26 33 10 10000 3
29 27 10 10000 3
29 28 10 10000 3
29 30 10 10000 3
29 31 10 10000 3
29 25 10 10000 3
29 33 10 10000 3
29 32 10 10000 3
5 6 10 10000 0
5 16 10 10000 -1
5 7 10 10000 0
5 2 10 10000 0
5 8 10 10000 0
21 22 10 10000 2
21 23 10 10000 2
17 16 10 10000 1
17 15 10 10000 1
22 24 10 10000 2
22 19 10 10000 2
22 20 10 10000 2
22 23 10 10000 2
22 35 10 10000 -1
18 16 10 10000 1
18 15 10 10000 1
32 28 10 10000 3
32 16 10 10000 -1
32 27 10 10000 3
32 31 10 10000 3
32 33 10 10000 3
32 34 10 10000 3
3 9 10 10000 0
3 10 10 10000 0
3 11 10 10000 0
3 12 10 10000 0
3 13 10 10000 0
3 6 10 10000 0
9 2 10 10000 0
2 10 10 10000 0
2 11 10 10000 0
2 12 10 10000 0
2 13 10 10000 0
8 6 10 10000 0
14 15 10 10000 1
14 16 10 10000 1
16 15 10 10000 1
20 23 10 10000 2
23 24 10 10000 2
23 19 10 10000 2
23 36 10 10000 -1
35 37 10 10000 4
35 33 10 10000 -1
35 36 10 10000 4
35 38 10 10000 4
6 15 10 10000 -1
6 7 10 10000 0
30 33 10 10000 3
25 33 10 10000 3
33 28 10 10000 3
33 27 10 10000 3
33 31 10 10000 3
33 34 10 10000 3
36 37 10 10000 4
36 38 10 10000 4
36 34 10 10000 -1
15 34 10 10000 -1
0 0 0 0 0 0 0 0 0 0 0 0 0 1 1 1 1 1 2 2 2 2 2 2 3 3 3 3 3 3 3 3 3 3 4 4 4 4
0 1
1 3
2 4
3 4
