44 80
1 2 10 10000 0
1 39 10 10000 -1
2 3 10 10000 0
2 39 10 10000 -1
2 41 10 10000 -1
3 4 10 10000 0
3 8 10 10000 0
3 9 10 10000 0
4 6 10 10000 0
4 7 10 10000 0
4 9 10 10000 0
4 39 10 10000 -1
4 41 10 10000 -1
5 6 10 5000 0
6 7 10 10000 0
7 21 10 10000 -1
7 9 10 10000 0
8 9 10 10000 0
8 15 10 10000 0
8 16 10 10000 0
8 17 10 10000 0
8 18 10 10000 0
9 10 10 10000 0
9 16 10 10000 0
9 13 10 10000 0
10 11 10 5000 0
10 12 10 5000 0
11 14 10 5000 0
12 13 10 5000 0
14 15 10 5000 0
15 16 10 10000 0
16 17 10 10000 0
16 18 10 10000 0
16 20 10 10000 0
17 18 10 10000 0
18 19 10 10000 0
19 20 10 5000 0
21 22 10 5000 1
22 23 10 10000 1
23 24 10 10000 1
23 31 10 10000 1
23 26 10 10000 1
24 31 10 5000 1
25 26 10 10000 1
26 31 10 10000 1
26 27 10 10000 1
26 28 10 10000 1
26 29 10 10000 1
26 30 10 10000 1
27 28 10 5000 1
28 29 10 10000 1
29 30 10 10000 1
29 44 10 10000 -1
29 34 10 10000 -1
30 44 10 10000 -1
30 34 10 10000 -1
32 44 10 10000 2
32 33 10 10000 2
32 34 10 10000 2
32 35 10 10000 2
33 34 10 10000 2
34 35 10 10000 2
34 42 10 10000 2
34 43 10 10000 2
35 44 10 10000 2
35 36 10 10000 2
35 40 10 10000 2
36 44 10 10000 2
36 37 10 10000 2
36 39 10 10000 2
36 40 10 10000 2
36 41 10 10000 2
37 38 10 10000 2
37 39 10 10000 2
37 41 10 10000 2
38 39 10 10000 2
39 41 10 10000 2
40 41 10 10000 2
40 42 10 10000 2
41 43 10 10000 2
0 0 0 0 0 0 0 0 0 0 0 0 0 0 0 0 0 0 0 0 1 1 1 1 1 1 1 1 1 1 1 2 2 2 2 2 2 2 2 2 2 2 2 2
0 1
1 2
0 2
