0 0.11444418666666666 0.0
1 0.12189364000000005 0.0
2 0.10643214000000002 0.0
3 0.11586976000000002 0.0
4 0.12726970000000004 0.0
5 0.10988991333333338 0.0
6 0.1107971866666667 0.0
7 0.12000088841368271 0.0
8 0.11520620000000001 0.0
9 0.11207567333333336 0.0
10 0.12115192000000004 0.0
11 0.12612346000000008 0.0
12 0.11810760666666667 0.0
13 0.11307376666666687 0.0
14 0.11606500000000003 0.0
15 0.10468772000000004 0.0
16 0.1269727933333334 0.0
17 0.11627302666666671 0.0
18 0.11815846000000003 0.0
19 0.11261724666666674 0.0