0.403648
0.44584
0.424095
0.410425
0.426673
0.374042
0.378047
0.424209
0.461491
0.41753
0.390975
0.442311
0.424689
0.389559
0.387925
0.403272
0.451747
0.427114
0.431184
0.414481
0.420824
0.417253
0.417022
0.385659
0.416065
0.442467
0.400929
0.390922
0.428801
0.390567
0.391047
0.463915
0.43636
0.441803
0.389102
0.431771
0.444161
0.402245
0.389163
0.4487
0.417936
0.41927
0.422895
0.497222
0.453148
0.390915
0.424547
0.468876
0.42401
0.406222
0.45535
0.436665
0.452925
0.430558
0.403688
0.448074
0.423045
0.424529
0.4283
0.39957
0.388621
0.438168
0.454558
0.435538
0.418648
0.416167
0.444428
0.444219
0.36914
0.395532
0.445941
0.436551
0.429693
0.410379
0.432207
0.454419
0.392226
0.445726
0.374081
0.41722
0.43646
0.425118
0.420492
0.452229
0.427122
0.407862
0.408915
0.425718
0.394849
0.435388
0.442191
0.426363
0.38691
0.442551
0.408287
0.421368
0.441078
0.457336
0.389339
0.417958
0.406998
0.431014
0.468069
0.38414
0.403829
0.409919
0.453664
0.461142
0.407144
0.392169
0.382857
0.473012
0.432682
0.416422
0.437806
0.439585
0.401557
0.435908
0.479972
0.401084
0.406958
0.392197
0.434786
0.41029
0.454059
0.389996
0.490599
0.38024
0.405964
0.451102
0.383869
0.419236
0.455734
0.417063
0.460908
0.44693
0.380918
0.365839
0.429364
0.476206
0.4293
0.453347
0.407867
0.434531
0.388002
0.43041
0.392398
0.380416
0.432095
0.449508
0.43868
0.37335
0.436815
0.435868
0.431026
0.407053
0.421178
0.400983
0.449744
0.414887
0.436198
0.417429
0.413289
0.464323
0.437031
0.450669
0.442358
0.423467
0.457709
0.415285
0.445732
0.448252
0.431955
0.407331
0.456491
0.452711
0.464222
0.409733
0.418983
0.436756
0.451605
0.412497
0.403224
0.490559
0.415699
0.443109
0.422573
0.384686
0.42568
0.396648
0.467197
0.362313
0.391401
0.439475
0.406444
0.367289
0.432683
0.420657
0.461894
0.377994
