0.32692
0.362793
0.347743
0.375099
0.335907
0.346802
0.344975
0.369257
0.353601
0.35502
0.3827
0.327946
0.364872
0.361627
0.368789
0.357106
0.348719
0.319348
0.339238
0.362006
0.360982
0.357679
0.36606
0.36848
0.38325
0.354496
0.339532
0.383433
0.324843
0.389985
0.342481
0.355244
0.34507
0.382047
0.362691
0.370963
0.365497
0.339185
0.345099
0.340578
0.349397
0.366796
0.338585
0.387449
0.356088
0.352001
0.353978
0.369908
0.354671
0.391054
0.36201
0.349854
0.361098
0.337351
0.351511
0.352365
0.360726
0.353417
0.347549
0.365533
0.353447
0.352303
0.37406
0.345013
0.327658
0.341381
0.357306
0.370649
0.343235
0.378552
0.340455
0.340108
0.365267
0.324333
0.349958
0.359239
0.360297
0.389901
0.333587
0.366241
0.334852
0.324068
0.382815
0.324251
0.358377
0.359892
0.33045
0.361123
0.366115
0.324188
0.398644
0.345535
0.378948
0.346872
0.416326
0.369399
0.409403
0.326944
0.345795
0.358294
0.367815
0.354202
0.352881
0.331771
0.34355
0.351228
0.332106
0.377144
0.347266
0.373336
0.339027
0.342771
0.326254
0.385426
0.353078
0.356232
0.337137
0.345762
0.34903
0.370048
0.353899
0.360428
0.362741
0.365825
0.343218
0.400141
0.410693
0.343057
0.349405
0.364374
0.348074
0.359546
0.375663
0.347085
0.327656
0.3749
0.34517
0.362549
0.347864
0.374515
0.340486
0.329168
0.347482
0.365528
0.332824
0.34913
0.345871
0.351304
0.345532
0.356456
0.370578
0.375885
0.359723
0.363444
0.336196
0.333976
0.364144
0.323189
0.345512
0.318719
0.355519
0.372071
0.339785
0.347179
0.3346
0.3517
0.329061
0.367893
0.317302
0.362964
0.323311
0.342644
0.371499
0.370853
0.366321
0.345695
0.343828
0.343205
0.366922
0.362332
0.367102
0.346202
0.344607
0.394607
0.390761
0.351923
0.330036
0.365617
0.381207
0.366097
0.355976
0.327285
0.314468
0.355845
0.342369
0.340041
0.385278
0.35733
0.351454
0.372916
