0.4179359
0.4179359
0.4179359
0.4179359
0.4553659999999998
0.4117502000000001
0.4179359
0.4179359
0.4179359
0.4179359
0.41927040000000004
0.41927040000000004
0.41927040000000004
0.41569739999999994
0.41927040000000004
0.41927040000000004
0.41927040000000004
0.38705299999999987
0.41927040000000004
0.4295683000000002
0.4228950000000001
0.4228950000000001
0.4228950000000001
0.4228950000000001
0.4228950000000001
0.4228950000000001
0.4228950000000001
0.4228950000000001
0.4228950000000001
0.4188421999999999
0.49722189999999994
0.49722189999999994
0.49722189999999994
0.49722189999999994
0.49722189999999994
0.49722189999999994
0.43130959999999996
0.4640602999999999
0.49722189999999994
0.49722189999999994
0.45314800000000016
0.45314800000000016
0.45019060000000016
0.45314800000000016
0.36213639999999997
0.45314800000000016
0.45314800000000016
0.45314800000000016
0.45314800000000016
0.45314800000000016
0.39091520000000013
0.39091520000000013
0.3606111
0.39091520000000013
0.39091520000000013
0.39091520000000013
0.45577360000000006
0.39091520000000013
0.39091520000000013
0.39091520000000013
0.42010549999999997
0.5264251999999998
0.416542
0.42454719999999996
0.416542
0.42454719999999996
0.42454719999999996
0.42454719999999996
0.42454719999999996
0.42454719999999996
0.44082779999999977
0.4688761999999998
0.46288239999999986
0.4688761999999998
0.46433979999999986
0.4688761999999998
0.34614259999999997
0.4688761999999998
0.46452279999999985
0.4688761999999998
0.4240095000000002
0.4240095000000002
0.4240095000000002
0.4240095000000002
0.4240095000000002
0.4664643000000003
0.4240095000000002
0.4240095000000002
0.4664643000000003
0.4240095000000002
0.40622209999999964
0.40622209999999964
0.4025710999999997
0.40622209999999964
0.40622209999999964
0.40622209999999964
0.40622209999999964
0.40622209999999964
0.40622209999999964
0.40622209999999964
