0.279956
0.280258
0.261627
0.278665
0.266137
0.277445
0.270081
0.277931
0.284279
0.268546
0.290965
0.272536
0.271977
0.259837
0.268813
0.281635
0.276059
0.27255
0.266406
0.267816
0.281939
0.274076
0.267605
0.275381
0.267639
0.286369
0.283563
0.273191
0.260591
0.280365
0.252235
0.285206
0.274132
0.274035
0.301538
0.274792
0.28494
0.262543
0.289122
0.27847
0.280743
0.259737
0.269504
0.293929
0.283524
0.254942
0.263213
0.28328
0.262164
0.246437
0.274168
0.279467
0.292759
0.274273
0.275125
0.279688
0.261874
0.279125
0.25839
0.280414
0.279817
0.283329
0.272864
0.273676
0.275291
0.265337
0.278619
0.2822
0.256992
0.287773
0.274877
0.271269
0.268556
0.269098
0.279671
0.286103
0.252718
0.26772
0.263798
0.260352
0.282136
0.25593
0.261661
0.285789
0.26018
0.270874
0.261025
0.275498
0.275991
0.26877
0.280776
0.266623
0.268672
0.270374
0.279034
0.292162
0.28146
0.275893
0.277258
0.2605
0.265306
0.289551
0.281366
0.252348
0.259113
0.275354
0.279539
0.289008
0.267557
0.264323
0.253385
0.282221
0.275515
0.263196
0.267211
0.270906
0.270768
0.269946
0.296441
0.262527
0.260097
0.267966
0.26971
0.259977
0.271246
0.271252
0.286558
0.276842
0.260214
0.27262
0.264326
0.303222
0.282897
0.266124
0.272473
0.274605
0.267503
0.251206
0.269711
0.292423
0.257078
0.274313
0.265914
0.271528
0.272337
0.271828
0.264892
0.26012
0.274224
0.280994
0.286913
0.274529
0.289684
0.282328
0.270158
0.268777
0.267091
0.265115
0.271593
0.256416
0.293674
0.281267
0.260861
0.280342
0.266496
0.284997
0.27881
0.275313
0.293408
0.270556
0.273502
0.263982
0.260019
0.2653
0.277222
0.28167
0.289798
0.280128
0.255749
0.263902
0.283259
0.260859
0.271209
0.294131
0.259234
0.298502
0.273054
0.275403
0.271434
0.273619
0.279057
0.274513
0.271827
0.289927
0.259601
0.255208
0.274082
0.263471
0.289566
0.255261
